1 1 1
2 1 1
3 1 1
4 1 1
5 1 1
6 1 1
7 1 1
8 1 1
9 1 1
10 1 1
11 1 1
12 1 1
13 1 1
14 1 1
15 1 1
16 1 0
17 1 1
18 1 0
19 1 1
20 1 1
21 1 1
22 1 1
23 1 1
24 1 1
25 1 0
26 1 1
27 1 1
28 1 1
29 1 1
30 1 1
31 1 1
32 1 1
33 1 0
34 1 1
35 1 1
36 1 1
37 1 1
38 1 1
39 1 1
40 1 0
41 1 1
42 1 1
43 1 1
44 1 1
45 1 0
46 1 1
47 1 1
48 1 1
49 1 0
50 1 1
51 1 1
52 1 0
53 1 1
54 1 1
55 1 1
56 1 0
57 1 1
58 1 1
59 1 1
60 1 1
61 1 1
62 1 1
63 1 1
64 1 1
65 1 1
66 1 1
67 1 1
68 1 1
69 1 1
70 1 1
71 1 1
72 1 1
73 1 1
74 1 1
75 1 1
76 1 1
77 1 1
78 1 1
79 1 1
80 1 1
81 1 1
82 1 1
83 1 1
84 1 1
85 1 1
86 1 1
87 1 1
88 1 1
89 1 1
90 1 1
91 1 1
92 1 1
93 1 1
94 1 1
95 1 1
96 1 1
97 1 1
98 1 1
99 1 1
100 1 1
101 1 1
102 1 1
103 1 1
104 1 1
105 1 1
106 1 1
107 1 1
108 1 1
109 1 1
110 1 1
111 1 1
112 1 1
113 1 1
114 1 0
115 1 1
116 1 1
117 1 1
118 1 1
119 1 1
120 1 1
121 1 1
122 1 1
123 1 1
124 1 1
125 1 1
126 1 1
127 1 1
128 1 1
129 1 1
130 1 1
131 1 1
132 1 1
133 1 1
134 1 1
135 1 1
136 1 1
137 1 1
138 1 0
139 1 1
140 1 1
141 1 1
142 1 1
143 1 1
144 1 1
145 1 1
146 1 1
147 1 1
148 1 1
149 1 1
150 1 1
151 1 1
152 1 1
153 1 1
154 1 1
155 1 1
156 1 1
157 1 1
158 1 1
159 1 1
160 1 1
161 1 1
162 1 1
163 1 1
164 1 1
165 1 1
166 1 1
167 1 1
168 1 1
169 1 1
170 1 1
171 1 1
172 1 1
173 1 1
174 1 1
175 1 1
176 1 1
177 1 1
178 1 1
179 1 1
180 1 1
181 1 1
182 1 1
183 1 1
184 1 1
185 1 1
186 1 1
187 1 1
188 1 0
189 1 1
190 1 1
191 1 1
192 1 1
193 1 1
194 1 1
195 1 1
196 1 1
197 1 1
198 1 1
199 1 1
200 1 1
201 1 1
202 1 0
203 1 1
204 1 0
205 1 1
206 1 1
207 1 1
208 1 1
209 1 1
210 1 1
211 1 1
212 1 1
213 1 1
214 1 1
215 1 0
216 1 0
217 1 1
218 1 1
219 1 1
220 1 0
221 1 1
222 1 1
223 1 1
224 1 1
225 1 1
226 1 1
227 1 0
228 1 0
229 1 1
230 1 1
231 1 1
232 1 1
233 1 1
234 1 1
235 1 1
236 1 1
237 1 1
238 1 1
239 1 1
240 1 1
241 1 0
242 1 1
243 1 1
244 1 1
245 1 1
246 1 1
247 1 1
248 1 1
249 1 1
250 1 1
251 1 0
252 2 2
253 1 0
254 1 0
255 1 1
256 1 0
257 1 1
258 1 1
259 1 0
260 1 1
261 1 1
262 1 0
263 1 0
264 1 0
265 1 0
266 1 0
267 1 1
268 2 2
269 1 0
270 1 0
271 1 1
272 1 1
273 1 1
274 1 0
275 1 1
276 2 2
277 1 0
278 2 2
279 2 2
280 2 0
281 2 2
282 2 0
283 2 0
284 2 2
285 2 2
286 2 2
287 2 2
288 2 2
289 2 0
290 2 0
291 1 0
292 2 2
293 2 0
294 2 2
295 2 0
296 2 0
297 2 2
298 2 0
299 1 0
300 2 2
301 2 2
302 2 2
303 2 2
304 2 2
305 2 2
306 2 2
307 2 2
308 2 2
309 2 2
310 2 2
311 2 0
312 2 0
313 2 2
314 2 2
315 2 2
316 2 2
317 2 0
318 2 0
319 2 0
320 2 2
321 2 0
322 2 2
323 2 0
324 2 2
325 2 2
326 2 0
327 2 0
328 2 2
329 2 2
330 2 2
331 2 2
332 2 2
333 2 2
334 2 0
335 2 2
336 2 2
337 2 2
338 2 2
339 2 2
340 2 0
341 2 2
342 2 2
343 3 0
344 2 2
345 2 2
346 2 0
347 2 2
348 2 2
349 2 2
350 2 0
351 2 2
352 2 2
353 2 2
354 2 2
355 2 2
356 2 0
357 2 2
358 2 2
359 2 0
360 2 2
361 2 0
362 2 2
363 2 2
364 2 2
365 2 0
366 2 2
367 2 2
368 2 2
369 2 2
370 2 2
371 2 2
372 2 2
373 2 2
374 2 2
375 2 2
376 2 0
377 2 2
378 2 2
379 2 2
380 2 2
381 2 2
382 2 2
383 2 2
384 2 0
385 2 2
386 2 2
387 2 2
388 2 2
389 2 2
390 2 2
391 2 2
392 2 2
393 2 2
394 2 2
395 2 2
396 2 2
397 2 2
398 2 2
399 2 2
400 2 2
401 2 2
402 2 2
403 2 2
404 2 2
405 2 2
406 2 2
407 2 2
408 2 2
409 2 2
410 2 2
411 2 2
412 2 2
413 2 2
414 2 2
415 2 2
416 2 2
417 2 2
418 2 2
419 2 2
420 2 0
421 2 2
422 2 2
423 2 2
424 2 2
425 2 2
426 2 2
427 2 2
428 2 2
429 2 2
430 2 2
431 2 2
432 2 2
433 2 2
434 2 2
435 2 2
436 2 2
437 2 2
438 2 2
439 2 2
440 2 2
441 2 2
442 2 2
443 2 2
444 2 2
445 2 2
446 2 2
447 2 2
448 2 0
449 2 2
450 2 2
451 2 2
452 2 2
453 2 2
454 2 2
455 2 2
456 2 2
457 2 2
458 2 0
459 2 2
460 2 2
461 2 2
462 2 2
463 2 2
464 2 2
465 2 2
466 2 2
467 2 2
468 2 2
469 2 2
470 2 2
471 2 2
472 2 2
473 2 2
474 2 2
475 2 2
476 2 2
477 2 2
478 2 2
479 2 2
480 2 2
481 2 2
482 2 2
483 2 2
484 2 2
485 2 2
486 2 2
487 2 2
488 2 2
489 2 2
490 2 2
491 2 2
492 2 0
493 2 0
494 2 0
495 2 2
496 2 2
497 2 2
498 2 2
499 2 2
500 2 2
501 2 2
502 2 2
503 2 0
504 2 2
505 2 2
506 2 0
507 2 2
508 2 2
509 2 2
510 2 0
511 2 2
512 2 0
513 2 0
514 2 2
515 2 2
516 2 2
517 2 2
518 2 0
519 2 2
520 2 0
521 2 2
522 2 2
523 5 5
524 2 2
525 2 2
526 2 2
527 2 2
528 2 2
529 2 2
530 2 2
531 2 2
532 2 2
533 2 2
534 2 2
535 2 0
536 2 2
537 2 2
538 2 2
539 2 2
540 2 2
541 2 2
542 2 2
543 2 2
544 2 2
545 2 2
546 2 2
547 2 2
548 2 2
549 2 2
550 2 2
551 3 3
552 3 3
553 3 3
554 3 3
555 3 3
556 3 3
557 3 3
558 3 3
559 3 3
560 3 3
561 3 3
562 3 3
563 3 3
564 3 3
565 3 3
566 3 3
567 3 3
568 3 3
569 3 3
570 3 3
571 3 3
572 3 3
573 3 3
574 3 3
575 3 3
576 3 3
577 3 3
578 3 3
579 3 3
580 3 3
581 3 3
582 3 3
583 3 3
584 3 3
585 3 3
586 3 3
587 3 3
588 3 3
589 3 3
590 3 3
591 3 3
592 3 3
593 3 3
594 3 3
595 3 3
596 3 3
597 3 3
598 3 3
599 3 3
600 3 3
601 3 3
602 3 3
603 3 3
604 3 3
605 3 3
606 3 3
607 3 3
608 3 3
609 3 3
610 3 3
611 3 0
612 3 3
613 3 3
614 3 3
615 3 3
616 3 3
617 3 3
618 3 3
619 3 3
620 3 3
621 3 3
622 3 3
623 3 3
624 3 3
625 3 3
626 3 3
627 3 3
628 3 3
629 3 3
630 3 3
631 3 3
632 3 3
633 3 3
634 3 3
635 3 3
636 3 3
637 3 3
638 3 3
639 3 3
640 3 3
641 3 3
642 3 3
643 3 3
644 3 3
645 3 3
646 3 3
647 3 3
648 3 3
649 3 3
650 3 3
651 3 3
652 3 3
653 3 3
654 3 3
655 3 3
656 3 3
657 3 3
658 3 3
659 3 3
660 3 3
661 3 3
662 3 3
663 3 3
664 3 3
665 3 3
666 3 3
667 3 3
668 3 3
669 3 3
670 3 3
671 3 0
672 3 3
673 3 3
674 3 3
675 3 3
676 3 3
677 3 3
678 3 3
679 3 3
680 3 3
681 3 3
682 3 3
683 3 3
684 3 3
685 3 3
686 3 3
687 3 3
688 3 3
689 3 3
690 3 3
691 3 3
692 3 3
693 3 3
694 3 3
695 3 3
696 3 3
697 3 3
698 3 3
699 3 3
700 3 3
701 3 3
702 3 3
703 3 3
704 3 3
705 3 3
706 3 3
707 3 3
708 3 3
709 3 3
710 3 3
711 3 3
712 3 3
713 3 3
714 3 3
715 3 3
716 3 3
717 3 3
718 3 3
719 3 3
720 3 3
721 3 0
722 3 3
723 3 0
724 3 3
725 3 3
726 3 3
727 3 3
728 3 3
729 3 3
730 3 3
731 3 3
732 3 3
733 3 3
734 3 3
735 3 3
736 3 3
737 3 3
738 3 3
739 3 3
740 3 3
741 3 3
742 3 3
743 3 3
744 3 3
745 3 3
746 3 3
747 3 3
748 3 3
749 3 3
750 3 3
751 3 3
752 3 3
753 3 3
754 3 3
755 3 3
756 3 3
757 3 3
758 3 3
759 3 3
760 3 3
761 3 3
762 3 3
763 3 3
764 3 0
765 3 3
766 3 3
767 3 3
768 3 3
769 3 0
770 3 3
771 3 3
772 3 3
773 3 3
774 3 3
775 3 3
776 3 3
777 3 3
778 3 3
779 3 3
780 3 3
781 3 3
782 3 3
783 3 3
784 3 3
785 3 3
786 3 3
787 3 3
788 3 3
789 3 3
790 3 3
791 3 3
792 3 3
793 3 3
794 3 3
795 3 3
796 3 3
797 3 3
798 3 3
799 3 3
800 3 3
801 3 3
802 3 3
803 3 3
804 3 3
805 3 3
806 3 3
807 3 3
808 3 3
809 3 3
810 3 3
811 3 3
812 3 3
813 3 3
814 3 3
815 3 3
816 3 0
817 3 3
818 3 3
819 3 3
820 3 3
821 3 3
822 3 3
823 3 3
824 3 3
825 3 3
826 3 3
827 3 3
828 3 3
829 3 3
830 3 3
831 3 3
832 3 3
833 3 3
834 3 3
835 3 3
836 3 3
837 3 3
838 3 3
839 3 3
840 3 3
841 3 3
842 3 3
843 3 3
844 3 3
845 3 3
846 3 3
847 3 3
848 3 3
849 3 3
850 3 3
851 3 3
852 3 3
853 3 3
854 3 3
855 3 3
856 3 3
857 3 3
858 3 3
859 3 3
860 3 3
861 3 3
862 3 3
863 3 3
864 3 3
865 3 3
866 3 3
867 3 0
868 3 3
869 3 3
870 3 3
871 3 3
872 3 3
873 3 3
874 3 3
875 3 3
876 3 3
877 3 3
878 3 3
879 3 3
880 3 3
881 3 3
882 3 3
883 3 3
884 3 3
885 3 3
886 3 3
887 3 3
888 3 3
889 3 3
890 3 3
891 3 3
892 3 3
893 3 3
894 3 3
895 3 3
896 3 3
897 3 3
898 3 3
899 3 3
900 3 3
901 3 3
902 3 3
903 3 3
904 3 3
905 3 3
906 3 3
907 3 3
908 3 3
909 3 3
910 3 3
911 3 3
912 3 3
913 3 3
914 3 3
915 3 3
916 3 3
917 3 3
918 3 3
919 3 3
920 3 3
921 3 3
922 3 3
923 3 3
924 3 3
925 3 3
926 3 3
927 3 3
928 3 3
929 3 3
930 3 3
931 3 3
932 3 3
933 3 3
934 3 3
935 3 3
936 3 3
937 3 3
938 3 3
939 3 3
940 3 3
941 3 3
942 3 0
943 3 3
944 3 3
945 3 3
946 3 3
947 3 3
948 3 3
949 3 3
950 3 3
951 3 3
952 3 3
953 3 3
954 3 3
955 3 3
956 3 3
957 3 3
958 3 0
959 3 3
960 3 3
961 3 3
962 3 3
963 3 3
964 3 3
965 3 3
966 3 3
967 3 3
968 3 3
969 3 3
970 3 3
971 3 3
972 3 3
973 3 3
974 3 3
975 3 3
976 3 3
977 3 3
978 3 3
979 3 3
980 3 3
981 3 3
982 3 3
983 3 3
984 3 3
985 3 3
986 3 3
987 3 3
988 3 3
989 3 3
990 3 3
991 3 3
992 3 3
993 3 3
994 3 3
995 3 3
996 3 3
997 3 3
998 3 0
999 3 0
1000 3 3
1001 3 3
1002 3 3
1003 3 3
1004 3 3
1005 3 3
1006 3 3
1007 3 3
1008 3 3
1009 3 3
1010 3 3
1011 3 3
1012 3 3
1013 3 3
1014 3 3
1015 3 3
1016 3 3
1017 3 3
1018 3 3
1019 3 3
1020 3 3
1021 3 3
1022 3 3
1023 3 3
1024 3 3
1025 3 3
1026 3 3
1027 3 3
1028 3 3
1029 3 3
1030 3 3
1031 3 3
1032 3 3
1033 3 0
1034 3 3
1035 3 3
1036 3 3
1037 3 3
1038 3 3
1039 3 3
1040 3 3
1041 3 3
1042 3 3
1043 3 3
1044 3 3
1045 3 3
1046 3 3
1047 3 3
1048 3 3
1049 3 3
1050 3 3
1051 3 3
1052 3 3
1053 3 3
1054 3 3
1055 3 3
1056 3 3
1057 3 3
1058 3 3
1059 3 3
1060 3 3
1061 3 3
1062 3 3
1063 3 3
1064 3 3
1065 3 3
1066 3 3
1067 3 3
1068 3 3
1069 3 3
1070 3 3
1071 3 3
1072 3 3
1073 3 3
1074 3 3
1075 3 3
1076 3 3
1077 3 3
1078 3 3
1079 3 3
1080 3 3
1081 3 3
1082 3 3
1083 3 3
1084 3 3
1085 3 3
1086 3 3
1087 3 3
1088 3 3
1089 3 3
1090 3 3
1091 3 3
1092 3 3
1093 3 3
1094 3 3
1095 3 3
1096 3 3
1097 3 3
1098 3 3
1099 3 3
1100 3 3
1101 3 3
1102 3 3
1103 3 3
1104 3 3
1105 3 3
1106 3 3
1107 3 3
1108 3 3
1109 3 3
1110 3 3
1111 3 3
1112 3 3
1113 3 3
1114 3 3
1115 3 3
1116 3 3
1117 3 3
1118 3 3
1119 3 3
1120 3 3
1121 3 3
1122 3 3
1123 3 3
1124 3 3
1125 3 3
1126 3 3
1127 3 3
1128 3 3
1129 3 3
1130 3 3
1131 3 3
1132 3 3
1133 3 3
1134 3 3
1135 3 3
1136 3 3
1137 3 3
1138 3 3
1139 3 3
1140 3 3
1141 3 3
1142 3 3
1143 3 3
1144 3 3
1145 3 3
1146 3 3
1147 3 3
1148 3 3
1149 3 3
1150 3 3
1151 3 3
1152 3 3
1153 3 3
1154 3 3
1155 3 3
1156 3 3
1157 3 3
1158 3 3
1159 3 3
1160 3 3
1161 3 3
1162 3 3
1163 3 3
1164 3 3
1165 3 3
1166 3 3
1167 3 3
1168 3 3
1169 3 3
1170 3 3
1171 3 3
1172 3 3
1173 3 3
1174 3 3
1175 3 3
1176 3 3
1177 3 3
1178 3 3
1179 3 3
1180 3 3
1181 3 3
1182 3 3
1183 3 3
1184 3 3
1185 3 3
1186 3 3
1187 3 3
1188 3 3
1189 3 3
1190 3 3
1191 3 3
1192 3 3
1193 3 3
1194 3 3
1195 3 3
1196 3 3
1197 3 3
1198 3 3
1199 3 3
1200 3 3
1201 3 3
1202 3 3
1203 3 3
1204 3 3
1205 3 3
1206 3 3
1207 3 3
1208 3 3
1209 3 3
1210 3 3
1211 3 3
1212 3 3
1213 3 3
1214 3 3
1215 3 3
1216 3 3
1217 3 3
1218 3 3
1219 3 3
1220 3 3
1221 3 3
1222 3 3
1223 3 3
1224 3 3
1225 3 3
1226 3 3
1227 3 3
1228 3 3
1229 3 3
1230 3 3
1231 3 3
1232 3 3
1233 3 3
1234 3 3
1235 3 3
1236 3 3
1237 3 3
1238 3 3
1239 3 3
1240 3 3
1241 3 3
1242 3 3
1243 3 3
1244 3 3
1245 3 3
1246 3 3
1247 3 3
1248 3 3
1249 3 3
1250 3 3
1251 3 3
1252 3 3
1253 3 3
1254 3 3
1255 3 3
1256 3 3
1257 3 3
1258 3 3
1259 3 3
1260 3 3
1261 3 3
1262 3 3
1263 3 3
1264 3 3
1265 3 3
1266 3 3
1267 3 3
1268 3 3
1269 3 3
1270 3 3
1271 3 3
1272 3 3
1273 3 3
1274 3 3
1275 3 3
1276 3 3
1277 3 3
1278 3 3
1279 3 3
1280 3 3
1281 3 0
1282 3 3
1283 3 3
1284 3 3
1285 3 3
1286 3 3
1287 3 3
1288 3 3
1289 3 3
1290 3 3
1291 3 3
1292 3 3
1293 3 3
1294 3 3
1295 3 3
1296 3 3
1297 3 3
1298 3 3
1299 3 3
1300 3 3
1301 3 3
1302 3 3
1303 3 3
1304 3 3
1305 3 3
1306 3 3
1307 3 3
1308 3 3
1309 3 3
1310 3 3
1311 4 4
1312 4 0
1313 4 4
1314 4 0
1315 4 4
1316 4 0
1317 4 4
1318 4 4
1319 4 4
1320 4 4
1321 3 0
1322 4 4
1323 4 4
1324 4 4
1325 4 4
1326 4 4
1327 4 4
1328 4 4
1329 4 4
1330 4 0
1331 4 4
1332 4 4
1333 4 4
1334 4 4
1335 4 4
1336 3 3
1337 4 4
1338 4 4
1339 4 0
1340 4 4
1341 4 4
1342 4 4
1343 4 4
1344 4 4
1345 4 4
1346 4 0
1347 4 0
1348 4 4
1349 4 4
1350 4 4
1351 4 4
1352 4 4
1353 4 4
1354 4 4
1355 4 0
1356 4 4
1357 4 4
1358 4 4
1359 4 0
1360 4 4
1361 4 4
1362 4 4
1363 4 4
1364 4 4
1365 4 4
1366 4 4
1367 4 4
1368 4 4
1369 4 4
1370 4 4
1371 4 4
1372 4 4
1373 4 4
1374 4 4
1375 4 4
1376 4 4
1377 4 4
1378 4 0
1379 4 4
1380 4 4
1381 4 4
1382 4 4
1383 4 4
1384 3 0
1385 4 4
1386 4 4
1387 4 4
1388 4 4
1389 4 4
1390 4 4
1391 4 4
1392 4 4
1393 4 4
1394 4 4
1395 4 4
1396 4 4
1397 4 4
1398 4 4
1399 3 3
1400 4 4
1401 4 4
1402 4 4
1403 4 4
1404 4 0
1405 4 4
1406 4 4
1407 4 4
1408 4 0
1409 4 4
1410 4 4
1411 4 4
1412 4 4
1413 4 0
1414 4 4
1415 4 4
1416 4 0
1417 4 4
1418 4 0
1419 4 4
1420 4 4
1421 4 4
1422 4 4
1423 4 4
1424 4 4
1425 4 4
1426 4 4
1427 4 4
1428 4 4
1429 4 4
1430 4 4
1431 4 4
1432 4 0
1433 4 4
1434 4 4
1435 4 4
1436 4 4
1437 4 4
1438 4 0
1439 4 4
1440 4 4
1441 4 4
1442 4 4
1443 4 4
1444 4 4
1445 4 4
1446 4 4
1447 4 4
1448 4 4
1449 4 4
1450 4 4
1451 4 4
1452 4 4
1453 4 0
1454 4 4
1455 4 4
1456 4 4
1457 4 0
1458 4 0
1459 4 4
1460 4 4
1461 4 4
1462 4 0
1463 4 4
1464 4 4
1465 4 4
1466 4 4
1467 4 4
1468 4 4
1469 4 0
1470 4 4
1471 4 4
1472 4 4
1473 4 4
1474 4 4
1475 4 4
1476 4 4
1477 4 4
1478 4 4
1479 4 4
1480 4 4
1481 4 4
1482 4 4
1483 4 0
1484 4 4
1485 4 4
1486 4 4
1487 4 4
1488 4 4
1489 4 4
1490 4 4
1491 4 4
1492 4 0
1493 4 4
1494 4 4
1495 4 4
1496 4 4
1497 4 4
1498 4 4
1499 4 4
1500 4 4
1501 4 4
1502 4 4
1503 4 4
1504 4 4
1505 4 4
1506 4 4
1507 4 4
1508 4 4
1509 4 4
1510 4 4
1511 4 0
1512 4 0
1513 4 4
1514 4 0
1515 4 4
1516 4 4
1517 4 4
1518 4 4
1519 4 4
1520 4 4
1521 4 4
1522 4 4
1523 4 0
1524 4 4
1525 4 4
1526 5 5
1527 4 0
1528 4 4
1529 4 4
1530 4 4
1531 5 5
1532 5 5
1533 5 5
1534 5 5
1535 5 5
1536 5 5
1537 5 5
1538 5 5
1539 5 5
1540 5 5
1541 5 5
1542 5 5
1543 5 5
1544 5 5
1545 5 5
1546 5 5
1547 5 5
1548 5 5
1549 5 5
1550 5 5
1551 5 5
1552 5 5
1553 5 5
1554 5 5
1555 5 5
1556 5 5
1557 5 5
1558 5 5
1559 5 5
1560 5 5
1561 5 5
1562 5 5
1563 5 5
1564 5 5
1565 5 5
1566 5 5
1567 5 5
1568 5 5
1569 5 5
1570 5 5
1571 5 5
1572 5 5
1573 5 5
1574 5 5
1575 5 5
1576 5 5
1577 5 5
1578 5 5
1579 5 5
1580 5 5
1581 5 5
1582 5 5
1583 5 5
1584 5 5
1585 5 5
1586 5 5
1587 5 5
1588 5 5
1589 5 5
1590 5 5
1591 5 5
1592 5 5
1593 5 5
1594 5 5
1595 5 5
1596 5 5
1597 5 5
1598 5 5
1599 5 5
1600 5 5
1601 1 0
1602 3 0
1603 5 5
1604 4 0
1605 1 0
1606 4 0
1607 2 2
1608 2 2
1609 4 4
1610 3 0
1611 1 0
1612 1 0
1613 2 0
1614 3 0
1615 2 0
1616 2 0
1617 1 0
1618 2 0
1619 3 0
1620 1 0
1621 3 0
1622 1 0
1623 3 0
1624 3 0
1625 4 0
1626 1 0
1627 4 0
1628 2 2
1629 2 2
1630 4 0
1631 1 0
1632 3 3
1633 4 4
1634 1 1
1635 4 4
1636 2 0
1637 4 4
1638 3 3
1639 3 3
1640 3 0
1641 1 0
1642 3 0
1643 1 0
1644 1 0
1645 4 0
1646 3 0
1647 4 0
1648 3 0
1649 4 4
1650 5 5
1651 3 0
1652 3 0
1653 5 5
1654 5 5
1655 1 0
1656 3 3
1657 1 0
1658 3 0
1659 1 0
1660 5 5
1661 3 0
1662 3 0
1663 5 5
1664 3 0
1665 5 5
1666 2 0
1667 1 0
1668 3 0
1669 3 0
1670 1 1
1671 1 0
1672 5 5
1673 1 0
1674 2 0
1675 4 4
1676 4 0
1677 3 0
1678 3 0
1679 2 0
1680 2 0
1681 2 0
1682 3 0
1683 3 0
1684 1 0
1685 4 0
1686 1 0
1687 2 2
1688 3 0
1689 1 0
1690 3 3
1691 3 3
1692 4 0
1693 1 0
1694 4 0
1695 4 4
1696 3 3
1697 3 0
1698 5 5
1699 3 3
1700 3 3
1701 2 0
1702 2 0
1703 3 3
1704 4 0
1705 5 5
1706 1 1
1707 5 5
1708 4 0
1709 3 0
1710 1 0
1711 5 5
1712 4 0
1713 2 2
1714 2 0
1715 3 0
1716 3 0
1717 1 1
1718 2 0
1719 4 0
1720 3 0
1721 3 0
1722 4 0
1723 2 0
1724 4 0
1725 1 0
1726 1 0
1727 4 4
1728 3 3
1729 1 0
1730 4 0
1731 4 0
1732 3 0
1733 2 2
1734 3 0
1735 3 3
1736 5 5
1737 3 0
1738 3 0
1739 1 0
1740 4 4
1741 1 0
1742 3 3
1743 3 0
1744 1 0
1745 1 0
1746 5 5
1747 3 0
1748 3 0
1749 3 0
1750 1 0
1751 1 0
1752 4 4
1753 2 0
1754 3 3
1755 1 0
1756 1 1
1757 3 3
1758 1 0
1759 4 4
1760 3 3
1761 4 0
1762 4 0
1763 3 3
1764 1 1
1765 3 3
1766 5 5
1767 1 0
1768 1 0
1769 4 0
1770 1 0
1771 3 0
1772 4 0
1773 1 0
1774 1 0
1775 1 0
1776 4 0
1777 4 0
1778 2 0
1779 4 0
1780 2 2
1781 3 0
1782 3 3
1783 5 5
1784 3 3
1785 3 0
1786 3 0
1787 4 4
1788 5 5
1789 5 5
1790 2 0
1791 1 0
1792 1 0
1793 4 0
1794 2 0
1795 2 0
1796 4 0
1797 3 0
1798 5 5
1799 1 0
1800 3 3
1801 3 0
1802 4 0
1803 1 0
1804 4 0
1805 3 0
1806 4 0
1807 3 0
1808 4 4
1809 4 0
1810 2 0
1811 3 0
1812 5 5
1813 4 4
1814 4 4
1815 4 0
1816 4 0
1817 4 4
1818 5 5
1819 4 0
1820 4 0
1821 2 0
1822 2 2
1823 1 0
1824 1 0
1825 3 3
1826 5 5
1827 1 0
1828 4 0
1829 1 0
1830 3 0
1831 5 5
1832 1 0
1833 5 5
1834 3 0
1835 1 0
1836 4 4
1837 5 5
1838 3 3
1839 4 4
1840 3 0
1841 4 0
1842 5 5
1843 5 5
1844 4 0
1845 1 0
1846 1 1
1847 3 3
1848 4 0
1849 1 1
1850 1 0
1851 1 0
1852 2 2
1853 5 5
1854 2 0
1855 1 1
1856 5 5
1857 3 0
1858 2 0
1859 1 0
1860 5 5
1861 2 2
1862 1 0
1863 3 0
1864 3 0
1865 4 0
1866 3 3
1867 1 0
1868 3 3
1869 2 2
1870 5 5
1871 1 1
1872 2 2
1873 3 0
1874 3 0
1875 4 0
1876 1 0
1877 3 0
1878 2 0
1879 3 0
1880 1 0
1881 4 4
1882 3 0
1883 3 0
1884 1 0
1885 3 3
1886 3 0
1887 3 0
1888 5 5
1889 1 1
1890 2 0
1891 1 1
1892 5 5
1893 1 0
1894 4 0
1895 3 3
1896 3 0
1897 1 0
1898 4 0
1899 3 0
1900 1 0
1901 2 2
1902 2 2
1903 5 5
1904 1 1
1905 3 0
1906 3 0
1907 5 5
1908 2 2
1909 1 0
1910 3 0
1911 1 1
1912 4 0
1913 3 0
1914 1 1
1915 4 4
1916 2 2
1917 4 0
1918 2 0
1919 5 5
1920 1 0
1921 2 2
1922 5 5
1923 1 0
1924 4 0
1925 2 2
1926 3 0
1927 3 0
1928 1 0
1929 1 0
1930 4 0
1931 1 0
1932 4 4
1933 3 0
1934 4 4
1935 1 0
1936 4 0
1937 3 3
1938 4 0
1939 4 0
1940 3 0
1941 1 0
1942 1 0
1943 4 0
1944 3 0
1945 1 0
1946 3 0
1947 3 3
1948 2 2
1949 1 0
1950 1 0
1951 3 0
1952 2 0
1953 1 0
1954 4 0
1955 1 0
1956 3 0
1957 4 0
1958 1 1
1959 4 0
1960 2 0
1961 2 0
1962 3 3
1963 3 3
1964 5 5
1965 1 0
1966 3 0
1967 3 0
1968 1 0
1969 5 5
1970 3 3
1971 5 5
1972 3 3
1973 4 0
1974 1 0
1975 1 1
1976 3 0
1977 3 3
1978 4 0
1979 1 1
1980 3 0
1981 1 0
1982 1 1
1983 4 0
1984 2 0
1985 1 0
1986 4 0
1987 3 3
1988 4 0
1989 2 0
1990 1 1
1991 5 5
1992 1 0
1993 5 5
1994 5 5
1995 3 0
1996 2 0
1997 3 3
1998 3 0
1999 2 0
2000 3 0
